001
001
073
092
230
345
BrightPowder
Modest
0
0
0
0
255
255

002
002
036
073
075
077
Salac Berry
Careful
0
255
0
0
0
255

003
002
073
079
188
202
Big Root
Modest
0
0
0
0
255
255

004
003
079
133
188
437
White Herb
Modest
0
0
0
0
255
255

005
003
073
079
202
275
Big Root
Bold
170
0
170
0
0
170

006
003
089
174
200
402
Black Sludge
Adamant
0
255
0
0
0
255

007
003
063
188
235
338
Wise Glasses
Modest
255
0
0
0
255
0

008
004
108
184
232
424
Scope Lens
Adamant
0
255
0
255
0
0

009
005
108
163
184
424
Razor Claw
Naughty
0
255
0
255
0
0

010
005
053
108
332
421
Razor Claw
Bashful
0
255
0
255
0
0

011
006
053
108
184
403
Petaya Berry
Modest
0
0
0
255
255
0

012
006
076
241
261
315
White Herb
Modest
0
0
0
255
255
0

013
006
089
242
337
394
Scope Lens
Adamant
0
255
0
255
0
0

014
006
246
307
403
411
BrightPowder
Timid
0
0
0
255
255
0

015
007
044
110
182
453
Sea Incense
Adamant
255
255
0
0
0
0

016
008
044
229
281
453
Focus Band
Adamant
255
255
0
0
0
0

017
008
057
058
252
280
Shell Bell
Serious
255
0
0
0
255
0

018
009
056
196
243
324
Mystic Water
Modest
0
0
170
0
170
170

019
009
104
127
264
392
Shell Bell
Adamant
255
255
0
0
0
0

020
009
089
401
419
428
Life Orb
Adamant
255
255
0
0
0
0

021
009
058
063
308
411
Shell Bell
Modest
255
0
0
0
255
0

022
012
060
314
318
366
Pecha Berry
Modest
0
0
0
0
255
255

023
015
041
092
097
372
Scope Lens
Jolly
0
255
0
0
0
255

024
017
017
098
119
297
Rawst Berry
Adamant
0
255
0
255
0
0

025
018
017
028
263
366
Cheri Berry
Adamant
0
255
0
255
0
0

026
018
211
216
332
369
Razor Claw
Adamant
0
255
0
255
0
0

027
020
098
184
228
283
Silk Scarf
Jolly
0
255
0
255
0
0

028
020
158
162
184
247
Chople Berry
Bashful
0
170
0
170
170
0

029
022
043
045
263
365
Sharp Beak
Adamant
0
255
0
255
0
0

030
022
065
185
218
369
Cheri Berry
Adamant
0
255
0
255
0
0

031
024
044
137
305
380
Persim Berry
Adamant
255
255
0
0
0
0

032
024
137
188
242
426
Payapa Berry
Quirky
0
255
0
0
255
0

033
025
084
086
104
129
Sitrus Berry
Modest
0
0
0
255
255
0

034
026
009
021
098
231
Wide Lens
Adamant
0
255
0
255
0
0

035
026
009
086
186
264
Focus Band
Jolly
0
255
0
255
0
0

036
026
085
324
411
417
Petaya Berry
Timid
0
0
0
255
255
0

037
026
086
216
280
344
BrightPowder
Adamant
0
255
0
255
0
0

038
027
028
091
201
317
Soft Sand
Adamant
0
255
255
0
0
0

039
028
091
111
201
317
Sitrus Berry
Adamant
0
255
255
0
0
0

040
028
089
157
201
306
Quick Claw
Adamant
0
255
255
0
0
0

041
030
024
044
260
305
Poison Barb
Adamant
255
255
0
0
0
0

042
031
089
204
305
332
Payapa Berry
Adamant
255
255
0
0
0
0

043
031
007
008
009
398
Scope Lens
Adamant
255
255
0
0
0
0

044
031
053
058
188
414
Black Sludge
Modest
255
0
0
0
255
0

045
031
089
242
276
398
Razor Claw
Adamant
255
255
0
0
0
0

046
033
024
092
260
263
Focus Band
Adamant
255
255
0
0
0
0

047
034
024
068
089
398
Focus Band
Impish
255
255
0
0
0
0

048
034
032
164
264
406
BrightPowder
Careful
170
0
170
0
0
170

049
034
058
188
247
414
Expert Belt
Modest
0
0
0
255
255
0

050
034
089
200
224
398
Muscle Band
Adamant
0
255
0
255
0
0

051
035
047
227
266
358
BrightPowder
Adamant
255
255
0
0
0
0

052
036
104
115
118
266
Chesto Berry
Bashful
0
0
255
0
0
255

053
036
047
216
309
428
Focus Band
Adamant
255
255
0
0
0
0

054
037
052
109
129
261
BrightPowder
Calm
0
0
0
0
255
255

055
038
076
126
213
241
BrightPowder
Timid
0
0
0
255
255
0

056
038
109
315
399
417
White Herb
Timid
0
0
0
255
255
0

057
038
095
138
257
466
Wide Lens
Timid
0
0
0
255
0
255

058
038
053
326
347
412
Passho Berry
Modest
0
0
0
255
255
0

059
040
047
273
290
447
Silk Scarf
Adamant
255
255
0
0
0
0

060
040
047
138
247
304
Sitrus Berry
Modest
255
0
0
0
255
0

061
042
092
109
211
332
Payapa Berry
Jolly
0
255
0
255
0
0

062
042
109
305
332
428
Black Sludge
Adamant
0
255
0
255
0
0

063
043
051
072
230
236
Rose Incense
Bold
0
0
0
0
255
255

064
044
051
072
078
236
Miracle Seed
Modest
255
0
0
0
255
0

065
045
079
188
202
275
Big Root
Modest
0
0
255
0
255
0

066
045
092
104
213
447
Black Sludge
Bold
170
0
170
0
0
170

067
045
014
218
402
409
Lum Berry
Adamant
0
255
0
0
0
255

068
045
063
188
235
412
Wise Glasses
Modest
255
0
0
0
255
0

069
047
010
078
447
450
Aspear Berry
Jolly
0
0
0
255
0
255

070
048
048
060
077
450
SilverPowder
Relaxed
255
0
0
0
255
0

071
049
060
079
213
318
Black Sludge
Timid
0
0
0
255
255
0

072
049
048
094
188
405
SilverPowder
Modest
0
0
0
255
255
0

073
051
089
157
310
328
Grip Claw
Jolly
0
255
0
255
0
0

074
051
161
188
201
414
Lax Incense
Modest
0
0
0
255
255
0

075
051
090
332
400
416
Razor Claw
Jolly
0
255
0
255
0
0

076
051
089
163
421
444
Muscle Band
Adamant
0
255
0
255
0
0

077
053
163
207
369
445
Silk Scarf
Jolly
0
255
0
255
0
0

078
053
044
163
252
421
Razor Claw
Adamant
0
255
0
255
0
0

079
054
050
055
093
346
Chesto Berry
Modest
255
0
0
0
255
0

080
055
057
094
109
347
Rindo Berry
Modest
255
0
0
0
255
0

081
055
127
332
421
426
Shell Bell
Adamant
0
255
0
255
0
0

082
055
008
238
401
428
Scope Lens
Adamant
255
255
0
0
0
0

083
055
056
058
094
324
Wacan Berry
Modest
255
0
0
0
255
0

084
057
002
116
154
193
Scope Lens
Jolly
0
255
0
255
0
0

085
057
089
157
207
238
Expert Belt
Adamant
0
255
0
255
0
0

086
058
044
046
097
424
Charcoal
Adamant
255
255
0
0
0
0

087
059
242
245
261
424
Lum Berry
Jolly
0
255
0
255
0
0

088
059
179
203
394
422
Salac Berry
Jolly
0
255
0
255
0
0

089
059
076
241
315
406
White Herb
Modest
0
0
0
255
255
0

090
059
242
245
394
422
Focus Band
Adamant
0
255
0
255
0
0

091
061
003
054
061
240
Liechi Berry
Hardy
0
255
0
0
255
0

092
062
057
094
104
410
Rindo Berry
Modest
255
0
0
0
255
0

093
062
127
223
339
398
Lax Incense
Adamant
255
255
0
0
0
0

094
062
056
059
411
426
Wide Lens
Modest
255
0
0
0
255
0

095
062
089
095
127
264
Expert Belt
Adamant
255
255
0
0
0
0

096
064
050
093
248
272
TwistedSpoon
Timid
0
0
0
255
0
255

097
064
094
115
247
351
Cheri Berry
Modest
0
0
0
255
255
0

098
065
094
247
248
347
BrightPowder
Timid
0
0
0
255
255
0

099
065
094
105
411
451
Colbur Berry
Modest
0
0
0
255
255
0

100
065
094
324
447
451
Wise Glasses
Timid
0
0
0
255
255
0

101
065
094
247
411
412
Expert Belt
Modest
0
0
0
255
255
0

102
066
002
184
193
317
Scope Lens
Adamant
255
255
0
0
0
0

103
067
002
184
193
317
Focus Band
Adamant
255
255
0
0
0
0

104
067
068
157
238
263
Scope Lens
Adamant
255
255
0
0
0
0

105
068
089
193
238
418
Scope Lens
Adamant
255
255
0
0
0
0

106
068
068
089
279
371
Focus Sash
Adamant
0
0
255
0
0
255

107
068
008
089
223
444
Quick Claw
Adamant
255
255
0
0
0
0

108
068
007
009
089
238
Quick Claw
Adamant
255
255
0
0
0
0

109
070
035
051
075
230
Scope Lens
Quiet
0
255
0
0
255
0

110
071
079
188
380
437
Payapa Berry
Modest
255
0
0
0
255
0

111
071
254
255
256
402
Black Sludge
Adamant
255
255
0
0
0
0

112
071
063
076
188
235
Power Herb
Modest
255
0
0
0
255
0

113
071
076
188
241
378
Focus Band
Modest
255
0
0
0
255
0

114
072
048
051
061
112
Cheri Berry
Modest
0
0
0
0
255
255

115
073
057
112
188
196
Wacan Berry
Timid
0
0
0
255
255
0

116
073
092
109
202
213
Black Sludge
Calm
255
0
0
0
0
255

117
073
057
188
202
243
Focus Sash
Modest
0
0
0
0
255
255

118
073
056
058
188
378
Scope Lens
Timid
0
0
0
255
255
0

119
074
070
182
222
350
Focus Band
Adamant
0
255
255
0
0
0

120
075
111
222
317
446
Focus Band
Adamant
0
255
255
0
0
0

121
076
089
157
201
389
Focus Band
Impish
0
255
255
0
0
0

122
076
007
009
089
276
White Herb
Adamant
0
255
255
0
0
0

123
076
089
359
360
374
Iron Ball
Brave
0
255
255
0
0
0

124
076
089
153
360
444
Quick Claw
Brave
0
255
255
0
0
0

125
077
023
039
172
261
Chesto Berry
Adamant
0
255
0
255
0
0

126
078
076
126
156
241
Chesto Berry
Modest
0
0
0
255
255
0

127
078
076
129
241
315
White Herb
Modest
0
0
0
255
255
0

128
078
032
231
394
398
BrightPowder
Adamant
0
255
0
255
0
0

129
078
038
095
224
394
Chesto Berry
Jolly
0
255
0
255
0
0

130
079
050
093
281
352
Cheri Berry
Modest
255
0
0
0
255
0

131
080
057
094
281
347
Chesto Berry
Bold
0
0
255
0
255
0

132
080
089
401
419
428
Expert Belt
Adamant
255
255
0
0
0
0

133
080
053
094
247
324
Choice Specs
Modest
255
0
0
0
255
0

134
080
057
058
094
433
Leftovers
Quiet
255
0
0
0
255
0

135
081
115
319
351
429
Rawst Berry
Bold
0
0
255
0
255
0

136
082
048
086
351
443
Petaya Berry
Quirky
0
255
0
0
255
0

137
082
085
086
393
429
Shuca Berry
Modest
0
0
255
0
255
0

138
083
014
163
282
314
Stick
Adamant
0
255
0
0
0
255

139
084
098
185
332
367
Liechi Berry
Jolly
0
255
0
255
0
0

140
085
031
045
365
367
Aspear Berry
Jolly
0
255
0
255
0
0

141
085
065
185
218
367
King's Rock
Jolly
0
255
0
255
0
0

142
086
227
252
420
453
Aspear Berry
Adamant
0
255
0
0
0
255

143
087
029
127
252
419
Razor Fang
Careful
0
255
0
0
0
255

144
087
050
058
227
324
Wacan Berry
Calm
0
0
0
0
255
255

145
087
032
156
214
329
Salac Berry
Calm
170
0
170
0
0
170

146
087
057
058
156
324
Chesto Berry
Calm
0
0
0
0
255
255

147
088
092
107
151
425
Black Sludge
Adamant
255
255
0
0
0
0

148
089
107
151
398
425
Black Sludge
Adamant
255
255
0
0
0
0

149
089
007
008
009
398
Expert Belt
Adamant
255
255
0
0
0
0

150
089
174
371
425
441
Zoom Lens
Brave
255
255
0
0
0
0

151
089
153
280
425
441
Quick Claw
Adamant
255
255
0
0
0
0

152
091
048
062
191
352
NeverMeltIce
Bold
0
0
255
0
255
0

153
091
092
182
291
419
Leftovers
Impish
0
255
255
0
0
0

154
093
092
101
109
288
Persim Berry
Timid
0
0
0
255
255
0

155
094
109
180
188
247
Payapa Berry
Timid
0
0
0
255
255
0

156
094
095
138
164
247
Life Orb
Modest
0
0
0
255
255
0

157
094
094
109
411
412
Scope Lens
Modest
0
0
0
255
255
0

158
094
085
188
194
247
Lum Berry
Modest
0
0
0
255
255
0

159
095
091
103
157
201
Hard Stone
Adamant
0
255
255
0
0
0

160
096
050
060
112
274
Rawst Berry
Modest
0
0
0
0
255
255

161
097
095
374
427
433
Iron Ball
Brave
0
255
0
0
0
255

162
097
095
138
171
409
Persim Berry
Hardy
0
0
0
0
255
255

163
097
007
008
009
428
Sitrus Berry
Adamant
0
255
0
0
0
255

164
097
094
247
324
411
Choice Specs
Modest
0
0
0
0
255
255

165
098
011
043
061
182
Pecha Berry
Quiet
0
0
255
0
255
0

166
099
011
061
106
300
Wacan Berry
Quiet
0
0
255
0
255
0

167
099
012
152
175
203
Salac Berry
Jolly
0
255
0
255
0
0

168
100
086
113
129
351
Petaya Berry
Modest
0
0
0
255
255
0

169
101
085
086
113
129
Chesto Berry
Modest
0
0
0
255
255
0

170
101
086
148
207
451
BrightPowder
Timid
0
0
0
255
255
0

171
101
063
087
240
393
Damp Rock
Timid
0
0
0
255
255
0

172
101
085
153
243
324
Focus Sash
Hardy
0
0
0
255
255
0

173
102
073
093
113
447
Odd Incense
Modest
0
0
255
0
255
0

174
103
076
094
235
241
BrightPowder
Modest
255
0
0
0
255
0

175
103
073
095
138
275
Lum Berry
Modest
255
0
0
0
255
0

176
103
153
428
433
452
Focus Sash
Brave
255
255
0
0
0
0

177
103
094
188
246
437
Expert Belt
Modest
255
0
0
0
255
0

178
104
029
043
125
280
Soft Sand
Adamant
0
255
255
0
0
0

179
105
198
201
231
280
Razor Claw
Adamant
0
255
255
0
0
0

180
105
007
009
157
198
Thick Club
Adamant
0
255
255
0
0
0

181
105
007
089
200
416
Thick Club
Adamant
0
255
255
0
0
0

182
105
009
089
442
444
Thick Club
Adamant
0
255
255
0
0
0

183
106
027
116
193
263
Black Belt
Careful
0
255
0
0
0
255

184
106
025
136
203
299
Salac Berry
Adamant
0
170
0
170
0
170

185
107
068
170
183
418
King's Rock
Adamant
0
255
0
0
0
255

186
107
005
068
327
418
King's Rock
Adamant
0
170
0
170
0
170

187
108
103
122
290
317
Chesto Berry
Adamant
255
255
0
0
0
0

188
109
060
108
124
180
Poison Barb
Modest
0
0
255
0
255
0

189
110
188
288
351
399
Payapa Berry
Bold
0
0
255
0
255
0

190
110
092
207
371
458
Sitrus Berry
Adamant
0
255
255
0
0
0

191
110
085
153
188
399
Lax Incense
Sassy
0
0
0
0
255
255

192
110
053
188
194
247
Quick Claw
Modest
0
0
255
0
255
0

193
111
039
091
184
350
Persim Berry
Adamant
170
170
170
0
0
0

194
112
089
157
184
242
Passho Berry
Adamant
0
255
255
0
0
0

195
112
007
008
009
089
Focus Sash
Adamant
0
255
255
0
0
0

196
112
200
359
419
421
Persim Berry
Brave
255
255
0
0
0
0

197
112
032
089
224
444
Quick Claw
Adamant
255
255
0
0
0
0

198
113
107
111
118
287
Sitrus Berry
Sassy
255
0
0
0
0
255

199
113
047
121
135
264
Lucky Punch
Impish
255
0
0
0
0
255

200
114
020
072
092
246
Pecha Berry
Bold
0
0
255
0
255
0

201
114
188
202
275
378
Pecha Berry
Bold
0
0
255
0
255
0

202
115
038
179
203
242
Salac Berry
Jolly
0
255
0
255
0
0

203
115
007
008
009
146
Razor Claw
Adamant
255
255
0
0
0
0

204
115
157
359
421
458
Life Orb
Jolly
0
255
0
255
0
0

205
115
089
200
242
416
Muscle Band
Adamant
255
255
0
0
0
0

206
117
061
062
108
240
Razor Claw
Bold
0
0
255
0
255
0

207
117
057
058
108
239
Shell Bell
Modest
0
0
255
0
255
0

208
118
048
060
240
352
Petaya Berry
Modest
0
0
255
0
255
0

209
119
048
060
240
352
Pecha Berry
Modest
255
0
0
0
255
0

210
119
263
392
398
401
Quick Claw
Adamant
255
255
0
0
0
0

211
120
061
113
129
239
Cheri Berry
Timid
0
0
0
255
255
0

212
121
057
086
094
109
Lum Berry
Timid
0
0
0
255
255
0

213
121
056
059
087
105
Wide Lens
Timid
0
0
0
255
255
0

214
121
057
094
324
408
Wise Glasses
Modest
0
0
0
255
255
0

215
121
057
058
085
094
Expert Belt
Modest
0
0
0
255
255
0

216
122
094
102
324
383
Cheri Berry
Calm
0
0
0
0
255
255

217
122
095
113
115
138
Light Clay
Calm
0
0
0
0
255
255

218
122
063
085
094
412
Kasib Berry
Modest
0
0
0
0
255
255

219
122
094
247
411
451
Choice Specs
Modest
0
0
0
0
255
255

220
123
017
043
113
210
Metronome
Jolly
255
0
0
255
0
0

221
123
014
332
400
404
BrightPowder
Adamant
0
255
0
255
0
0

222
124
058
094
142
313
Chesto Berry
Calm
0
0
0
0
255
255

223
124
138
142
195
212
Lax Incense
Calm
0
0
0
0
255
255

224
124
059
324
378
412
Expert Belt
Modest
0
0
0
255
255
0

225
124
058
094
247
411
Choice Specs
Modest
0
0
0
255
255
0

226
125
086
113
129
351
Lansat Berry
Timid
0
0
0
255
255
0

227
125
085
086
094
411
BrightPowder
Modest
0
0
0
255
255
0

228
126
007
108
183
261
Lansat Berry
Jolly
0
255
0
255
0
0

229
126
053
094
109
411
Lax Incense
Modest
0
0
0
255
255
0

230
127
014
089
157
404
Coba Berry
Adamant
0
255
255
0
0
0

231
127
175
203
279
404
Salac Berry
Jolly
0
255
0
255
0
0

232
127
276
404
416
444
Lax Incense
Adamant
0
255
255
0
0
0

233
127
012
089
370
404
Scope Lens
Adamant
0
255
255
0
0
0

234
128
037
184
228
428
Persim Berry
Jolly
0
255
0
255
0
0

235
128
089
157
263
371
Life Orb
Adamant
0
255
0
255
0
0

236
128
089
200
231
416
Lum Berry
Jolly
0
255
0
255
0
0

237
128
089
216
428
444
Choice Band
Adamant
0
255
0
255
0
0

238
130
044
240
401
423
Razor Fang
Careful
0
255
0
0
0
255

239
130
127
349
423
442
Lum Berry
Jolly
0
255
0
255
0
0

240
130
127
200
416
444
Persim Berry
Adamant
0
255
0
0
0
255

241
130
089
127
156
349
Chesto Berry
Adamant
0
255
0
255
0
0

242
131
174
401
419
420
Leftovers
Adamant
255
255
0
0
0
0

243
131
047
109
195
329
Quick Claw
Impish
0
0
255
0
0
255

244
131
127
200
349
428
Lum Berry
Adamant
255
255
0
0
0
0

245
131
057
058
085
094
BrightPowder
Modest
255
0
0
0
255
0

246
133
036
044
175
203
Salac Berry
Jolly
0
255
0
255
0
0

247
134
057
058
151
226
BrightPowder
Modest
255
0
0
0
255
0

248
134
056
058
151
240
Damp Rock
Modest
255
0
0
0
255
0

249
134
059
281
330
392
Leftovers
Modest
255
0
0
0
255
0

250
134
057
058
247
324
Expert Belt
Modest
255
0
0
0
255
0

251
135
085
086
097
226
Focus Sash
Timid
0
0
0
255
255
0

252
135
024
086
091
435
Razor Claw
Docile
0
255
0
0
255
0

253
135
087
240
247
281
Lax Incense
Timid
0
0
0
255
255
0

254
135
063
085
247
324
Razor Fang
Modest
0
0
0
255
255
0

255
136
174
226
276
424
Quick Claw
Adamant
0
255
0
0
0
255

256
136
028
175
203
424
Salac Berry
Jolly
0
255
0
255
0
0

257
136
189
247
261
315
White Herb
Modest
0
0
0
0
255
255

258
136
044
276
416
424
White Herb
Adamant
0
255
0
0
0
255

259
137
060
129
196
278
Persim Berry
Modest
255
0
0
0
255
0

260
138
055
182
246
341
Pecha Berry
Bold
0
0
255
0
255
0

261
139
055
110
191
205
Metronome
Brave
0
255
255
0
0
0

262
139
057
058
390
444
Sitrus Berry
Modest
0
0
255
0
255
0

263
140
282
317
319
453
Liechi Berry
Adamant
0
255
255
0
0
0

264
141
106
317
319
453
Sea Incense
Impish
0
255
255
0
0
0

265
141
014
127
157
163
Razor Claw
Adamant
0
255
255
0
0
0

266
142
157
259
269
332
King's Rock
Jolly
0
255
0
255
0
0

267
142
044
422
423
424
Razor Fang
Jolly
0
255
0
255
0
0

268
142
089
157
242
416
Yache Berry
Adamant
0
255
0
255
0
0

269
142
089
332
337
444
Choice Band
Adamant
0
255
0
255
0
0

270
143
157
174
216
281
Leftovers
Adamant
255
255
0
0
0
0

271
143
007
008
009
156
Chesto Berry
Adamant
0
255
0
0
0
255

272
143
200
276
402
441
White Herb
Adamant
0
255
0
0
0
255

273
143
038
089
242
428
Life Orb
Adamant
255
255
0
0
0
0

274
144
019
059
258
355
Icy Rock
Quirky
0
255
0
0
255
0

275
144
115
263
332
419
Wacan Berry
Brave
0
255
255
0
0
0

276
144
058
324
352
466
Wise Glasses
Modest
0
0
255
0
255
0

277
144
058
246
314
329
Charti Berry
Modest
0
0
0
0
255
255

278
145
065
086
087
240
Yache Berry
Serious
0
255
0
255
0
0

279
145
085
113
246
466
Focus Band
Timid
0
0
0
255
255
0

280
145
065
211
239
369
King's Rock
Jolly
0
255
0
255
0
0

281
145
085
257
314
324
BrightPowder
Modest
0
0
0
255
255
0

282
146
053
246
355
403
Passho Berry
Timid
0
0
0
255
255
0

283
146
063
076
126
241
Heat Rock
Timid
255
0
0
0
255
0

284
146
143
211
216
369
Power Herb
Adamant
0
255
0
255
0
0

285
146
246
315
403
466
White Herb
Modest
0
0
0
255
255
0

286
147
048
086
239
352
Cheri Berry
Modest
0
0
0
0
255
255

287
148
086
219
225
352
Cheri Berry
Modest
0
0
0
0
255
255

288
148
021
349
401
406
Haban Berry
Quirky
0
255
0
0
255
0

289
149
086
332
337
349
Lum Berry
Adamant
0
255
0
0
0
255

290
149
007
008
009
407
Razor Claw
Adamant
0
255
255
0
0
0

291
149
053
057
085
434
Expert Belt
Modest
0
0
255
0
255
0

292
149
089
200
276
416
Choice Band
Adamant
0
255
0
0
0
255

293
152
045
113
290
331
Lax Incense
Adamant
255
255
0
0
0
0

294
153
113
219
246
345
Sitrus Berry
Modest
255
0
0
0
255
0

295
153
034
156
202
320
Chesto Berry
Docile
0
0
170
0
170
170

296
154
076
235
241
246
Heat Rock
Modest
0
0
255
0
0
255

297
154
073
092
164
202
Big Root
Calm
170
0
170
0
170
0

298
154
113
115
378
437
Light Clay
Bold
255
0
0
0
255
0

299
154
063
113
246
338
Lax Incense
Modest
255
0
0
0
255
0

300
155
024
108
129
172
Quick Claw
Adamant
0
255
0
0
0
255

301
156
024
098
108
172
Chesto Berry
Adamant
0
255
0
255
0
0

302
156
053
098
108
306
Focus Band
Serious
0
255
0
0
255
0

303
157
007
009
098
421
Scope Lens
Adamant
0
255
0
255
0
0

304
157
089
179
203
307
Salac Berry
Serious
0
255
0
0
255
0

305
157
089
332
394
421
Shuca Berry
Adamant
0
255
0
255
0
0

306
157
076
241
315
411
White Herb
Modest
0
0
0
255
255
0

307
158
103
163
184
291
Razor Claw
Adamant
0
255
255
0
0
0

308
159
044
163
184
352
Scope Lens
Serious
0
255
0
0
255
0

309
159
157
184
242
401
Focus Band
Adamant
0
255
255
0
0
0

310
160
127
157
184
423
King's Rock
Adamant
0
255
255
0
0
0

311
160
276
337
401
421
White Herb
Adamant
0
255
255
0
0
0

312
160
058
246
308
411
Wise Glasses
Modest
0
0
255
0
255
0

313
160
089
127
349
423
Lum Berry
Adamant
0
255
255
0
0
0

314
162
163
270
274
389
Liechi Berry
Jolly
0
255
0
255
0
0

315
162
218
271
274
421
Choice Band
Adamant
0
255
0
255
0
0

316
164
048
115
290
332
Persim Berry
Adamant
255
255
0
0
0
0

317
164
094
115
129
403
Persim Berry
Quiet
255
0
0
0
255
0

318
166
097
226
314
318
Razor Claw
Timid
0
0
0
0
255
255

319
168
092
169
425
450
SilverPowder
Adamant
255
255
0
0
0
0

320
169
095
332
355
440
Payapa Berry
Jolly
0
255
0
255
0
0

321
169
044
239
403
428
Razor Fang
Docile
0
255
0
255
0
0

322
169
188
257
399
403
King's Rock
Modest
0
0
0
255
255
0

323
169
404
413
428
440
Razor Claw
Adamant
0
255
0
255
0
0

324
170
061
086
196
351
Magnet
Modest
255
0
0
0
255
0

325
171
057
086
392
435
Rindo Berry
Modest
255
0
0
0
255
0

326
171
086
109
213
291
Lum Berry
Calm
255
0
0
0
0
255

327
171
056
059
087
240
Sitrus Berry
Modest
255
0
0
0
255
0

328
171
057
058
085
324
Expert Belt
Modest
255
0
0
0
255
0

329
176
129
273
314
345
Chesto Berry
Calm
0
0
0
0
255
255

330
177
101
248
314
466
TwistedSpoon
Timid
0
0
0
255
255
0

331
178
248
365
366
428
Sharp Beak
Jolly
0
255
0
255
0
0

332
178
094
109
314
466
Colbur Berry
Modest
0
0
0
255
255
0

333
180
086
113
129
351
Light Clay
Modest
255
0
0
0
255
0

334
181
085
086
113
408
Shuca Berry
Modest
0
0
0
0
255
255

335
181
007
009
086
264
Cheri Berry
Careful
0
255
0
0
0
255

336
181
063
086
156
451
Chesto Berry
Modest
255
0
0
0
255
0

337
181
087
324
408
411
Zoom Lens
Quiet
255
0
0
0
255
0

338
182
051
078
321
345
Petaya Berry
Modest
255
0
0
0
255
0

339
182
076
188
235
241
BrightPowder
Modest
255
0
0
0
255
0

340
184
039
061
111
205
Pecha Berry
Quiet
0
0
0
0
255
255

341
185
157
185
201
335
Hard Stone
Impish
0
255
255
0
0
0

342
185
089
102
120
444
Life Orb
Adamant
0
255
255
0
0
0

343
186
057
207
304
426
Lax Incense
Calm
0
0
0
0
255
255

344
186
095
195
280
291
Chesto Berry
Impish
255
255
0
0
0
0

345
186
089
127
156
187
Chesto Berry
Careful
0
255
0
0
0
255

346
186
056
058
094
095
Wacan Berry
Modest
0
0
0
0
255
255

347
188
072
093
178
332
Big Root
Docile
0
255
0
0
255
0

348
189
039
178
331
332
Pecha Berry
Jolly
0
255
0
255
0
0

349
189
079
235
340
402
Sitrus Berry
Adamant
0
255
0
255
0
0

350
190
086
252
369
458
Silk Scarf
Adamant
0
255
0
255
0
0

351
192
072
073
113
275
Persim Berry
Calm
0
0
0
0
255
255

352
192
104
188
202
320
Sitrus Berry
Modest
255
0
0
0
255
0

353
193
104
197
314
318
Lax Incense
Timid
0
0
0
255
255
0

354
195
068
089
280
401
Rindo Berry
Adamant
255
255
0
0
0
0

355
195
133
174
281
291
Leftovers
Careful
170
0
170
0
0
170

356
195
057
188
411
414
Quick Claw
Modest
255
0
0
0
255
0

357
195
008
089
127
444
Muscle Band
Adamant
255
255
0
0
0
0

358
196
094
115
226
347
Lum Berry
Timid
0
0
0
255
255
0

359
196
094
129
204
213
BrightPowder
Timid
0
0
0
255
255
0

360
196
063
094
247
447
Lum Berry
Modest
0
0
0
255
255
0

361
196
094
234
247
324
Wise Glasses
Modest
0
0
0
255
255
0

362
197
109
174
226
371
Leftovers
Careful
0
0
255
0
0
255

363
197
092
104
109
212
Leftovers
Impish
0
0
255
0
0
255

364
197
103
185
207
244
Lax Incense
Impish
255
0
255
0
0
0

365
197
174
236
371
376
BrightPowder
Impish
0
0
255
0
0
255

366
198
017
185
259
269
BlackGlasses
Jolly
0
255
0
255
0
0

367
199
094
281
362
433
Shell Bell
Quiet
170
0
170
0
170
0

368
199
089
174
401
428
Quick Claw
Adamant
255
255
0
0
0
0

369
199
094
247
324
411
Lum Berry
Modest
0
0
0
0
255
255

370
199
053
057
058
094
Wise Glasses
Modest
255
0
0
0
255
0

371
200
086
109
220
466
Cheri Berry
Calm
0
0
0
0
255
255

372
200
086
094
109
247
Kasib Berry
Modest
0
0
0
255
255
0

373
202
068
150
204
243
Focus Band
Jolly
0
0
170
170
0
170

374
203
060
097
129
226
Petaya Berry
Modest
0
0
0
255
255
0

375
203
086
242
428
458
Razor Claw
Adamant
0
255
0
255
0
0

376
205
068
279
360
450
Occa Berry
Brave
0
255
255
0
0
0

377
205
191
371
390
446
Sitrus Berry
Brave
0
255
255
0
0
0

378
205
091
092
104
207
Leftovers
Adamant
0
255
255
0
0
0

379
205
038
089
153
157
Lax Incense
Adamant
0
255
255
0
0
0

380
206
029
044
137
180
Razor Claw
Adamant
255
255
0
0
0
0

381
207
014
232
328
332
Razor Claw
Adamant
0
255
255
0
0
0

382
207
089
201
332
401
Quick Claw
Adamant
0
255
0
255
0
0

383
208
089
201
242
442
Passho Berry
Impish
0
255
255
0
0
0

384
208
089
422
423
424
Shuca Berry
Adamant
0
255
255
0
0
0

385
208
174
207
360
371
Iron Ball
Relaxed
0
255
255
0
0
0

386
208
089
153
360
444
Quick Claw
Brave
0
255
255
0
0
0

387
209
029
044
184
207
Razor Claw
Adamant
255
255
0
0
0
0

388
210
086
157
216
242
Razor Claw
Adamant
255
255
0
0
0
0

389
210
263
422
423
424
Quick Claw
Adamant
255
255
0
0
0
0

390
210
007
008
009
371
Muscle Band
Adamant
255
255
0
0
0
0

391
210
089
370
416
444
Life Orb
Adamant
255
255
0
0
0
0

392
211
042
061
092
106
Cheri Berry
Bashful
0
255
0
0
255
0

393
211
194
279
398
401
Focus Band
Adamant
0
255
255
0
0
0

394
212
014
226
404
418
BrightPowder
Impish
0
255
255
0
0
0

395
212
232
334
355
400
Sitrus Berry
Careful
0
255
0
0
0
255

396
212
098
179
203
404
Salac Berry
Jolly
0
255
0
255
0
0

397
212
332
400
404
442
Occa Berry
Adamant
0
255
255
0
0
0

398
213
207
379
444
450
Lax Incense
Impish
170
0
170
0
0
170

399
213
035
092
207
213
Grip Claw
Careful
170
0
170
0
0
170

400
213
104
164
360
379
Lax Incense
Impish
170
0
170
0
0
170

401
213
092
104
164
201
Leftovers
Calm
170
0
170
0
0
170

402
214
207
213
224
264
Focus Band
Jolly
0
255
0
255
0
0

403
214
332
339
370
400
Scope Lens
Adamant
0
255
0
0
0
255

404
214
224
263
421
444
Coba Berry
Adamant
0
255
0
255
0
0

405
214
089
179
203
224
Salac Berry
Jolly
0
255
0
255
0
0

406
215
043
185
269
420
Persim Berry
Jolly
0
255
0
255
0
0

407
215
008
180
185
306
King's Rock
Jolly
0
255
0
255
0
0

408
216
156
185
213
290
Chesto Berry
Impish
255
255
0
0
0
0

409
217
068
163
371
419
Focus Sash
Brave
255
255
0
0
0
0

410
217
007
008
009
359
Life Orb
Adamant
255
255
0
0
0
0

411
217
182
242
263
276
Toxic Orb
Adamant
255
255
0
0
0
0

412
217
089
216
238
332
Quick Claw
Adamant
255
255
0
0
0
0

413
219
151
201
246
436
Lax Incense
Modest
255
0
0
0
255
0

414
219
034
089
157
315
Quick Claw
Quiet
0
255
0
0
255
0

415
221
054
196
258
426
NeverMeltIce
Modest
255
0
0
0
255
0

416
221
089
174
423
444
Muscle Band
Adamant
255
255
0
0
0
0

417
222
061
112
243
246
Focus Band
Modest
0
0
0
0
255
255

418
223
048
061
062
189
Petaya Berry
Modest
0
0
0
255
255
0

419
224
086
116
190
196
Wacan Berry
Modest
255
0
0
0
255
0

420
224
053
086
094
190
Life Orb
Modest
255
0
0
0
255
0

421
225
217
258
301
332
NeverMeltIce
Adamant
0
255
0
255
0
0

422
226
017
048
061
097
Mystic Water
Hardy
0
255
0
0
255
0

423
226
057
058
109
314
Shell Bell
Modest
0
0
0
0
255
255

424
227
046
065
191
211
Occa Berry
Impish
0
255
255
0
0
0

425
227
019
092
104
355
Leftovers
Careful
170
0
170
0
0
170

426
227
065
163
371
400
Razor Claw
Impish
0
255
255
0
0
0

427
227
157
211
404
413
Life Orb
Adamant
0
255
255
0
0
0

428
228
044
046
261
424
Charcoal
Adamant
0
255
0
255
0
0

429
229
046
068
242
424
Focus Sash
Jolly
0
255
0
255
0
0

430
229
179
203
422
424
Focus Sash
Jolly
0
255
0
255
0
0

431
229
053
188
247
261
Passho Berry
Modest
0
0
0
255
255
0

432
229
076
241
315
399
White Herb
Timid
0
0
0
255
255
0

433
230
057
108
240
406
Razor Fang
Timid
0
0
0
255
255
0

434
230
058
239
281
362
Shell Bell
Timid
0
0
0
255
255
0

435
230
127
200
349
442
Lum Berry
Adamant
255
255
0
0
0
0

436
230
056
059
324
434
Wide Lens
Modest
255
0
0
0
255
0

437
231
111
201
205
317
Metronome
Adamant
255
255
0
0
0
0

438
232
089
157
201
398
Razor Claw
Impish
0
255
255
0
0
0

439
232
068
089
276
441
White Herb
Adamant
0
255
255
0
0
0

440
232
089
360
422
424
Lax Incense
Brave
0
255
255
0
0
0

441
232
089
090
402
444
Quick Claw
Adamant
0
255
255
0
0
0

442
233
086
161
278
451
Cheri Berry
Modest
255
0
0
0
255
0

443
233
085
105
161
433
Iron Ball
Quiet
255
0
0
0
255
0

444
233
058
085
094
161
Wise Glasses
Modest
255
0
0
0
255
0

445
233
058
161
247
324
Lum Berry
Modest
255
0
0
0
255
0

446
234
023
044
109
286
Liechi Berry
Adamant
0
255
0
255
0
0

447
234
086
109
218
428
Chople Berry
Adamant
0
255
0
255
0
0

448
237
116
167
183
197
Liechi Berry
Adamant
255
255
0
0
0
0

449
237
068
167
332
418
Muscle Band
Adamant
255
255
0
0
0
0

450
238
093
186
196
252
BrightPowder
Mild
0
0
0
255
255
0

451
239
002
009
098
113
Cheri Berry
Jolly
0
255
0
255
0
0

452
240
007
043
108
183
Pecha Berry
Adamant
0
255
0
255
0
0

453
241
086
208
216
442
Cheri Berry
Impish
0
255
255
0
0
0

454
241
179
203
263
428
Salac Berry
Adamant
0
255
0
255
0
0

455
241
007
008
009
146
Scope Lens
Adamant
0
255
255
0
0
0

456
241
089
157
416
428
Muscle Band
Adamant
0
255
0
255
0
0

457
242
047
063
247
352
Chople Berry
Modest
255
0
0
0
255
0

458
242
068
092
104
135
Chesto Berry
Calm
255
0
0
0
0
255

459
242
053
058
085
347
BrightPowder
Modest
255
0
0
0
255
0

460
242
047
068
135
138
Leftovers
Calm
255
0
0
0
0
255

461
243
085
086
113
247
Lum Berry
Timid
0
0
0
255
255
0

462
243
216
242
422
442
King's Rock
Jolly
0
255
0
255
0
0

463
243
087
240
324
326
Wise Glasses
Modest
0
0
0
255
255
0

464
243
085
247
326
347
Shuca Berry
Modest
0
0
0
255
255
0

465
244
046
115
216
424
Shuca Berry
Jolly
0
255
0
255
0
0

466
244
044
424
442
444
King's Rock
Jolly
0
255
0
255
0
0

467
244
063
076
126
241
Shuca Berry
Modest
0
0
0
255
255
0

468
244
247
315
326
347
Shuca Berry
Modest
0
0
0
255
255
0

469
245
057
196
243
466
Focus Sash
Calm
0
0
0
0
255
255

470
245
044
127
423
442
King's Rock
Jolly
0
255
0
255
0
0

471
245
056
059
247
258
Lum Berry
Bold
0
0
255
0
255
0

472
245
057
058
326
347
Wacan Berry
Modest
255
0
0
0
255
0

473
246
044
091
157
184
Liechi Berry
Adamant
255
255
0
0
0
0

474
247
091
184
201
317
Hard Stone
Adamant
255
255
0
0
0
0

475
247
089
157
184
242
Soft Sand
Adamant
255
255
0
0
0
0

476
248
157
174
371
419
Focus Band
Brave
0
255
0
0
0
255

477
248
007
008
009
332
Choice Scarf
Jolly
0
255
0
255
0
0

478
248
276
337
401
421
White Herb
Adamant
0
255
255
0
0
0

479
248
089
242
349
444
Chople Berry
Adamant
255
255
0
0
0
0

480
252
072
104
129
148
Miracle Seed
Timid
0
0
0
255
255
0

481
253
129
189
197
345
Coba Berry
Timid
0
0
0
255
255
0

482
253
103
157
242
348
Coba Berry
Adamant
0
255
0
255
0
0

483
254
098
103
242
348
Liechi Berry
Jolly
0
255
0
255
0
0

484
254
073
092
104
202
Leftovers
Timid
0
0
0
255
255
0

485
254
332
348
400
404
Scope Lens
Adamant
0
255
0
255
0
0

486
254
063
406
411
437
Occa Berry
Timid
0
0
0
255
255
0

487
255
052
104
119
189
Charcoal
Docile
0
255
0
0
255
0

488
256
007
024
028
098
Liechi Berry
Adamant
255
255
0
0
0
0

489
256
028
053
163
327
Scope Lens
Docile
0
255
0
0
255
0

490
257
179
203
299
332
Salac Berry
Adamant
0
255
0
255
0
0

491
257
076
241
307
411
BrightPowder
Timid
0
0
0
255
255
0

492
257
089
299
421
444
Passho Berry
Adamant
0
255
0
255
0
0

493
257
009
276
394
400
White Herb
Adamant
0
255
0
255
0
0

494
258
045
189
196
352
Mystic Water
Modest
255
0
0
0
255
0

495
259
045
246
341
352
Focus Band
Modest
0
0
0
0
255
255

496
259
089
182
246
330
Persim Berry
Quiet
0
255
0
0
255
0

497
260
008
089
127
182
Shell Bell
Adamant
255
255
0
0
0
0

498
260
089
174
359
401
Lum Berry
Adamant
255
255
0
0
0
0

499
260
058
068
330
414
Expert Belt
Modest
255
0
0
0
255
0

500
260
089
243
401
419
Rindo Berry
Adamant
255
255
0
0
0
0

501
262
044
046
305
336
Razor Fang
Jolly
0
255
0
255
0
0

502
262
036
242
336
389
Chople Berry
Adamant
0
255
255
0
0
0

503
264
163
321
343
421
Lansat Berry
Jolly
0
255
0
255
0
0

504
264
091
218
415
421
Choice Scarf
Jolly
0
255
0
255
0
0

505
267
072
213
314
318
SilverPowder
Modest
0
0
0
255
255
0

506
269
018
060
092
318
SilverPowder
Modest
0
0
0
0
255
255

507
271
072
240
252
352
Damp Rock
Quiet
0
0
0
0
255
255

508
272
014
075
127
409
Muscle Band
Adamant
0
255
0
0
0
255

509
272
073
092
104
240
Leftovers
Impish
170
0
170
0
0
170

510
272
056
059
411
447
Wide Lens
Modest
255
0
0
0
255
0

511
272
057
058
202
240
Lum Berry
Modest
0
0
0
0
255
255

512
274
075
106
185
207
Aspear Berry
Adamant
255
255
0
0
0
0

513
275
185
252
402
404
Persim Berry
Jolly
0
255
0
255
0
0

514
275
073
104
202
235
Leftovers
Calm
170
0
170
0
0
170

515
275
247
399
411
437
White Herb
Modest
255
0
0
0
255
0

516
275
153
332
389
402
Cheri Berry
Adamant
255
255
0
0
0
0

517
277
045
098
116
365
King's Rock
Jolly
0
255
0
255
0
0

518
277
045
263
332
369
Toxic Orb
Adamant
0
255
0
255
0
0

519
279
254
256
314
352
Chesto Berry
Modest
0
0
255
0
255
0

520
279
057
058
314
366
Shell Bell
Modest
0
0
255
0
255
0

521
282
086
094
109
247
Lum Berry
Calm
0
0
0
0
255
255

522
282
085
094
156
347
Chesto Berry
Modest
0
0
0
0
255
255

523
282
094
411
412
451
BrightPowder
Modest
0
0
0
0
255
255

524
282
085
094
194
247
Wise Glasses
Timid
0
0
0
255
255
0

525
284
184
230
314
318
SilverPowder
Bold
0
0
255
0
255
0

526
284
078
247
403
405
Petaya Berry
Quiet
0
0
0
0
255
255

527
286
068
157
327
402
Focus Sash
Impish
0
255
255
0
0
0

528
286
073
202
235
409
Big Root
Brave
0
255
0
0
255
0

529
286
009
223
263
444
Toxic Orb
Adamant
0
255
255
0
0
0

530
286
147
264
402
416
Shell Bell
Adamant
0
255
255
0
0
0

531
288
068
163
227
228
Focus Band
Adamant
255
255
0
0
0
0

532
288
179
203
306
421
Salac Berry
Adamant
0
255
0
255
0
0

533
289
263
281
303
421
Lax Incense
Impish
255
0
255
0
0
0

534
289
007
008
009
306
Lum Berry
Adamant
0
255
255
0
0
0

535
289
216
332
400
441
Life Orb
Jolly
0
255
0
255
0
0

536
289
089
359
416
421
Muscle Band
Adamant
255
255
0
0
0
0

537
291
028
226
332
450
Chesto Berry
Adamant
255
255
0
0
0
0

538
291
226
332
400
404
Razor Fang
Adamant
255
255
0
0
0
0

539
292
028
109
210
425
Lax Incense
Adamant
0
255
0
255
0
0

540
294
023
044
048
336
Persim Berry
Adamant
255
255
0
0
0
0

541
295
259
304
326
352
Chople Berry
Modest
255
0
0
0
255
0

542
295
007
008
009
263
Life Orb
Adamant
255
255
0
0
0
0

543
295
089
242
263
419
Life Orb
Adamant
255
255
0
0
0
0

544
295
057
058
304
315
White Herb
Modest
255
0
0
0
255
0

545
297
089
252
263
292
Persim Berry
Adamant
255
255
0
0
0
0

546
297
252
279
371
374
Iron Ball
Adamant
255
255
0
0
0
0

547
297
007
008
009
223
Life Orb
Adamant
255
255
0
0
0
0

548
297
089
238
398
444
Scope Lens
Adamant
255
255
0
0
0
0

549
299
086
201
246
351
Hard Stone
Modest
0
0
255
0
255
0

550
301
185
193
252
290
Sitrus Berry
Adamant
255
255
0
0
0
0

551
302
185
197
252
425
BlackGlasses
Impish
0
255
255
0
0
0

552
303
044
321
334
442
BrightPowder
Impish
255
0
255
0
0
0

553
304
182
232
317
334
Metal Coat
Impish
0
255
255
0
0
0

554
305
182
232
317
334
Metal Coat
Impish
0
255
255
0
0
0

555
305
046
089
157
442
Sitrus Berry
Impish
0
255
255
0
0
0

556
306
103
157
201
442
Quick Claw
Adamant
0
255
255
0
0
0

557
306
007
008
009
232
Quick Claw
Adamant
0
255
255
0
0
0

558
306
231
332
407
419
Muscle Band
Adamant
0
255
255
0
0
0

559
306
089
368
421
444
Focus Sash
Adamant
0
255
255
0
0
0

560
308
179
203
252
428
Salac Berry
Jolly
0
255
0
255
0
0

561
308
105
197
398
409
Cheri Berry
Jolly
0
255
0
255
0
0

562
308
094
247
347
411
Wise Glasses
Modest
0
0
0
255
255
0

563
308
007
008
009
427
Scope Lens
Adamant
0
255
0
255
0
0

564
310
046
086
242
422
Shuca Berry
Adamant
0
255
0
255
0
0

565
310
063
086
087
240
Damp Rock
Modest
0
0
0
255
255
0

566
310
044
422
423
424
Quick Claw
Adamant
0
255
0
255
0
0

567
310
053
085
129
324
BrightPowder
Timid
0
0
0
255
255
0

568
311
129
270
313
351
Petaya Berry
Timid
0
0
0
255
255
0

569
312
129
227
270
351
Salac Berry
Timid
0
0
0
255
255
0

570
313
098
109
270
369
Liechi Berry
Jolly
0
255
0
255
0
0

571
314
129
270
273
318
Petaya Berry
Timid
0
0
0
255
255
0

572
315
072
092
178
320
Black Sludge
Modest
0
0
0
0
255
255

573
317
124
254
255
256
Lax Incense
Modest
170
0
170
0
0
170

574
317
188
202
247
281
Black Sludge
Modest
255
0
0
0
255
0

575
318
044
184
207
453
Cheri Berry
Adamant
255
255
0
0
0
0

576
319
044
116
184
352
Cheri Berry
Hardy
0
0
0
255
255
0

577
319
127
207
242
423
Wacan Berry
Adamant
0
255
0
255
0
0

578
320
046
054
196
352
Sea Incense
Modest
0
0
0
255
255
0

579
321
057
058
104
213
Sitrus Berry
Modest
255
0
0
0
255
0

580
321
092
133
156
250
Chesto Berry
Impish
170
0
170
0
0
170

581
321
089
127
174
419
Leftovers
Adamant
255
255
0
0
0
0

582
321
056
059
063
090
Quick Claw
Modest
255
0
0
0
255
0

583
322
052
201
222
317
Lax Incense
Serious
0
255
0
0
255
0

584
323
133
222
261
317
Focus Band
Brave
255
255
0
0
0
0

585
323
201
246
284
414
Quick Claw
Modest
255
0
0
0
255
0

586
324
052
123
133
189
Petaya Berry
Bold
0
0
255
0
255
0

587
324
076
241
257
414
Quick Claw
Bold
0
0
255
0
255
0

588
325
109
129
149
277
Sitrus Berry
Modest
0
0
0
0
255
255

589
326
060
109
248
447
Petaya Berry
Calm
0
0
0
0
255
255

590
326
094
243
408
451
Colbur Berry
Calm
0
0
0
0
255
255

591
327
146
185
298
409
Silk Scarf
Adamant
255
255
0
0
0
0

592
329
048
189
225
466
Aspear Berry
Modest
0
0
0
255
255
0

593
330
089
201
337
355
Yache Berry
Adamant
0
255
0
255
0
0

594
330
007
009
090
332
Razor Fang
Jolly
0
255
0
255
0
0

595
330
053
202
414
434
White Herb
Timid
0
0
0
255
255
0

596
330
089
200
242
444
Lum Berry
Adamant
0
255
0
255
0
0

597
331
178
185
302
320
Aspear Berry
Adamant
255
255
0
0
0
0

598
332
185
191
275
331
Chople Berry
Adamant
255
255
0
0
0
0

599
332
051
178
202
399
Shell Bell
Modest
255
0
0
0
255
0

600
333
119
129
213
314
Mental Herb
Modest
0
0
0
0
255
255

601
334
156
332
337
349
Chesto Berry
Careful
0
255
0
0
0
255

602
334
047
195
406
466
Shell Bell
Modest
0
0
0
0
255
255

603
334
089
143
349
407
BrightPowder
Adamant
0
255
0
0
0
255

604
334
053
058
314
434
White Herb
Modest
0
0
0
255
255
0

605
335
010
043
197
228
Persim Berry
Adamant
0
255
0
255
0
0

606
335
269
306
332
421
Razor Claw
Adamant
0
255
0
255
0
0

607
336
122
137
282
342
Scope Lens
Adamant
255
255
0
0
0
0

608
336
188
207
242
401
Black Sludge
Adamant
255
255
0
0
0
0

609
337
093
115
246
322
Sitrus Berry
Modest
0
0
0
0
255
255

610
337
094
246
247
322
Passho Berry
Modest
0
0
0
0
255
255

611
338
113
149
317
322
Sitrus Berry
Adamant
0
255
255
0
0
0

612
338
157
261
322
428
Passho Berry
Adamant
0
255
255
0
0
0

613
340
057
133
196
414
Shell Bell
Modest
255
0
0
0
255
0

614
340
037
089
157
401
Persim Berry
Adamant
255
255
0
0
0
0

615
340
056
059
090
414
Zoom Lens
Modest
255
0
0
0
255
0

616
340
089
401
428
444
Muscle Band
Adamant
255
255
0
0
0
0

617
341
011
061
207
282
Pecha Berry
Brave
255
0
0
0
255
0

618
342
061
106
269
399
Persim Berry
Modest
0
0
255
0
255
0

619
342
014
152
242
404
Quick Claw
Adamant
0
255
255
0
0
0

620
343
060
113
189
246
TwistedSpoon
Modest
0
0
0
0
255
255

621
344
089
428
433
447
Kasib Berry
Brave
0
0
255
0
0
255

622
344
246
247
324
414
Rindo Berry
Modest
0
0
255
0
255
0

623
344
058
094
414
451
Wise Glasses
Modest
0
0
0
0
255
255

624
344
089
153
157
428
Lax Incense
Adamant
0
255
0
0
0
255

625
345
109
246
275
447
Lax Incense
Calm
170
0
170
0
0
170

626
346
109
201
246
412
Razor Claw
Impish
170
0
170
0
0
170

627
346
092
104
254
275
Leftovers
Impish
170
0
170
0
0
170

628
346
105
188
202
275
Big Root
Calm
170
0
170
0
0
170

629
346
089
243
402
444
Leftovers
Calm
170
0
170
0
0
170

630
347
182
210
232
350
Metronome
Adamant
0
255
0
255
0
0

631
348
089
157
334
404
Razor Claw
Adamant
0
255
0
0
0
255

632
348
207
306
332
401
Scope Lens
Adamant
0
255
0
0
0
255

633
348
089
276
416
444
Choice Band
Adamant
0
255
255
0
0
0

634
348
089
404
440
444
Life Orb
Adamant
0
255
255
0
0
0

635
350
057
058
095
213
Shell Bell
Modest
255
0
0
0
255
0

636
350
092
104
109
392
Leftovers
Impish
255
0
255
0
0
0

637
350
056
059
105
243
Wide Lens
Calm
0
0
0
0
255
255

638
350
057
058
105
406
Lum Berry
Modest
255
0
0
0
255
0

639
351
240
241
258
311
Persim Berry
Timid
0
0
0
255
255
0

640
352
039
163
277
425
Lansat Berry
Careful
0
255
0
0
0
255

641
352
218
271
332
421
Choice Scarf
Careful
0
255
0
0
0
255

642
353
261
282
288
425
Spell Tag
Adamant
255
255
0
0
0
0

643
354
180
261
282
425
Rawst Berry
Adamant
255
255
0
0
0
0

644
354
185
261
421
433
Colbur Berry
Adamant
255
255
0
0
0
0

645
355
109
220
261
425
Spell Tag
Adamant
0
0
255
0
0
255

646
356
109
220
261
425
Rawst Berry
Impish
0
0
255
0
0
255

647
356
109
280
325
371
Colbur Berry
Impish
170
0
170
0
0
170

648
357
073
075
332
445
Lansat Berry
Adamant
255
255
0
0
0
0

649
357
202
235
241
403
Occa Berry
Modest
255
0
0
0
255
0

650
358
149
196
215
219
Pecha Berry
Calm
0
0
0
0
255
255

651
358
094
095
138
247
TwistedSpoon
Quiet
255
0
0
0
255
0

652
359
104
263
269
389
Chople Berry
Jolly
0
255
0
255
0
0

653
359
086
207
213
386
Quick Claw
Adamant
255
255
0
0
0
0

654
359
332
400
404
427
Razor Claw
Jolly
0
255
0
255
0
0

655
359
276
400
416
428
Choice Band
Adamant
0
255
0
255
0
0

656
361
029
044
182
423
King's Rock
Adamant
255
255
0
0
0
0

657
362
360
371
419
420
Iron Ball
Brave
170
0
170
0
0
170

658
362
089
153
242
423
Lum Berry
Adamant
255
255
0
0
0
0

659
362
058
247
324
352
Scope Lens
Modest
255
0
0
0
255
0

660
362
059
258
329
399
Lax Incense
Modest
255
0
0
0
255
0

661
364
062
227
258
352
Icy Rock
Relaxed
255
0
0
0
255
0

662
364
057
058
258
324
Chesto Berry
Quiet
255
0
0
0
255
0

663
365
207
227
401
423
Chople Berry
Adamant
255
255
0
0
0
0

664
365
089
174
242
419
Life Orb
Brave
255
255
0
0
0
0

665
365
090
156
214
329
Lax Incense
Bold
0
0
255
0
0
255

666
365
057
058
258
324
Leftovers
Modest
255
0
0
0
255
0

667
366
092
182
250
334
DeepSeaScale
Bold
255
0
255
0
0
0

668
367
044
103
240
352
Mystic Water
Quirky
0
255
255
0
0
0

669
367
240
242
401
423
Shell Bell
Adamant
0
255
255
0
0
0

670
368
093
240
352
392
Wave Incense
Bold
255
0
255
0
0
0

671
368
057
058
094
240
Shell Bell
Modest
0
0
255
0
255
0

672
369
106
300
317
352
Wave Incense
Relaxed
0
0
255
0
255
0

673
369
156
157
281
401
Chesto Berry
Impish
0
255
255
0
0
0

674
370
186
213
240
352
Damp Rock
Timid
0
0
0
255
255
0

675
371
029
184
225
280
Dragon Fang
Naughty
0
255
255
0
0
0

676
372
029
182
184
225
Aspear Berry
Quiet
0
255
0
0
255
0

677
372
184
242
337
349
Focus Band
Adamant
0
255
255
0
0
0

678
373
184
332
337
401
Cheri Berry
Adamant
0
255
0
255
0
0

679
373
337
349
422
424
Razor Fang
Jolly
0
255
0
255
0
0

680
373
053
056
434
466
Wise Glasses
Modest
0
0
0
255
255
0

681
373
089
200
242
428
Lum Berry
Adamant
0
255
0
255
0
0

682
375
093
184
232
393
Chesto Berry
Hardy
0
255
0
0
255
0

683
375
184
309
418
428
Shuca Berry
Adamant
255
255
0
0
0
0

684
376
113
263
418
428
BrightPowder
Adamant
0
255
255
0
0
0

685
376
094
188
247
430
Wise Glasses
Modest
0
0
255
0
255
0

686
376
008
009
332
359
Occa Berry
Adamant
0
255
255
0
0
0

687
376
089
153
309
428
Quick Claw
Adamant
255
255
0
0
0
0

688
377
089
157
201
280
Leftovers
Impish
0
255
255
0
0
0

689
377
007
008
009
409
Razor Claw
Adamant
255
255
0
0
0
0

690
377
156
174
359
444
Chesto Berry
Careful
255
0
0
0
0
255

691
377
089
153
359
444
Quick Claw
Careful
0
255
0
0
0
255

692
378
058
133
324
451
Lum Berry
Modest
0
0
0
0
255
255

693
378
104
174
359
419
Leftovers
Impish
255
0
255
0
0
0

694
378
058
156
246
430
Chesto Berry
Bold
0
0
255
0
255
0

695
378
058
063
085
411
Shell Bell
Modest
255
0
0
0
255
0

696
379
085
086
133
430
Lum Berry
Modest
255
0
0
0
255
0

697
379
092
104
334
442
Leftovers
Adamant
170
0
170
0
0
170

698
379
008
009
332
421
Razor Claw
Adamant
255
255
0
0
0
0

699
379
089
174
359
442
Shell Bell
Adamant
170
0
170
0
0
170

700
380
094
213
347
406
Lum Berry
Calm
0
0
0
0
255
255

701
380
089
332
337
428
Expert Belt
Adamant
0
255
0
255
0
0

702
380
058
094
247
412
BrightPowder
Timid
0
0
0
255
255
0

703
380
057
085
296
434
White Herb
Modest
0
0
0
255
255
0

704
381
086
094
347
406
Focus Band
Calm
0
0
0
0
255
255

705
381
089
337
349
421
Lum Berry
Adamant
0
255
0
255
0
0

706
381
058
085
094
412
BrightPowder
Timid
0
0
0
255
255
0

707
381
057
063
295
434
White Herb
Modest
0
0
0
255
255
0

708
387
044
075
110
321
Occa Berry
Adamant
255
255
0
0
0
0

709
388
044
073
075
235
Big Root
Relaxed
0
255
255
0
0
0

710
388
174
235
242
402
Occa Berry
Brave
0
255
255
0
0
0

711
389
089
157
174
447
Yache Berry
Adamant
255
255
0
0
0
0

712
389
073
133
202
235
Leftovers
Sassy
170
0
170
0
0
170

713
389
063
073
338
414
Lax Incense
Modest
0
0
255
0
255
0

714
389
089
242
444
452
Quick Claw
Adamant
255
255
0
0
0
0

715
390
043
172
252
263
Passho Berry
Adamant
0
255
0
255
0
0

716
391
154
172
183
269
Coba Berry
Adamant
0
255
0
255
0
0

717
391
157
259
280
299
Scope Lens
Adamant
0
255
0
255
0
0

718
392
007
252
369
370
Coba Berry
Jolly
0
255
0
255
0
0

719
392
009
299
421
441
Muscle Band
Adamant
0
255
0
255
0
0

720
392
053
076
241
411
BrightPowder
Modest
0
0
0
255
255
0

721
392
009
089
370
394
King's Rock
Jolly
0
255
0
255
0
0

722
393
045
048
061
332
Rindo Berry
Bashful
0
255
0
0
255
0

723
394
061
064
104
232
Wacan Berry
Quiet
0
0
0
0
255
255

724
394
057
065
232
240
Focus Band
Bashful
0
255
0
0
255
0

725
395
127
232
280
282
Razor Claw
Adamant
0
255
0
0
0
255

726
395
065
157
421
453
Razor Claw
Adamant
0
255
0
0
0
255

727
395
057
059
089
324
Quick Claw
Brave
0
255
0
0
255
0

728
395
065
089
308
430
Quick Claw
Brave
0
255
0
0
255
0

729
396
017
045
098
283
Sharp Beak
Adamant
0
255
0
255
0
0

730
397
017
018
098
283
Sharp Beak
Adamant
0
255
0
255
0
0

731
398
104
216
332
355
King's Rock
Jolly
0
255
0
255
0
0

732
398
098
203
283
332
King's Rock
Jolly
0
255
0
255
0
0

733
398
211
216
228
413
Muscle Band
Adamant
0
255
0
255
0
0

734
398
369
370
413
416
Choice Band
Adamant
0
255
0
255
0
0

735
399
029
045
281
365
Silk Scarf
Adamant
255
255
0
0
0
0

736
400
029
045
098
352
Chople Berry
Quirky
0
255
0
0
255
0

737
400
158
162
213
365
Shell Bell
Adamant
255
255
0
0
0
0

738
401
045
117
189
450
Liechi Berry
Relaxed
170
0
170
0
0
170

739
402
116
210
249
282
Metronome
Adamant
255
255
0
0
0
0

740
403
043
044
336
422
King's Rock
Adamant
255
255
0
0
0
0

741
404
044
148
207
422
Magnet
Adamant
255
255
0
0
0
0

742
404
085
086
129
324
Petaya Berry
Modest
255
0
0
0
255
0

743
405
242
268
336
422
Razor Claw
Adamant
255
255
0
0
0
0

744
405
085
086
324
393
Wise Glasses
Modest
255
0
0
0
255
0

745
405
086
276
422
423
White Herb
Adamant
255
255
0
0
0
0

746
405
086
242
422
423
Muscle Band
Adamant
255
255
0
0
0
0

747
406
072
074
092
388
Big Root
Calm
0
0
0
0
255
255

748
407
078
188
189
345
Coba Berry
Calm
0
0
0
0
255
255

749
407
073
202
235
275
Big Root
Calm
0
0
0
0
255
255

750
407
063
188
320
437
White Herb
Modest
0
0
0
255
255
0

751
407
188
247
311
437
White Herb
Modest
0
0
0
255
255
0

752
408
043
184
228
317
Rock Incense
Careful
0
0
255
0
0
255

753
409
103
157
242
263
Toxic Orb
Adamant
255
255
0
0
0
0

754
409
371
374
419
444
Iron Ball
Brave
255
255
0
0
0
0

755
409
007
009
428
457
Life Orb
Adamant
255
255
0
0
0
0

756
409
089
276
416
457
Choice Scarf
Jolly
0
255
0
255
0
0

757
410
207
317
334
442
Focus Band
Sassy
0
255
255
0
0
0

758
411
207
269
442
444
Focus Band
Impish
0
0
255
0
0
255

759
411
053
058
085
246
Persim Berry
Modest
255
0
0
0
255
0

760
411
090
104
334
442
Leftovers
Careful
255
0
0
0
255
0

761
411
174
368
419
444
Focus Sash
Adamant
255
255
0
0
0
0

762
412
033
173
182
450
Sitrus Berry
Adamant
255
255
0
0
0
0

763
413
075
182
445
450
Coba Berry
Adamant
0
255
0
0
0
255

764
413
094
202
213
324
Coba Berry
Modest
0
0
255
0
255
0

765
414
077
314
318
445
Petaya Berry
Modest
255
0
0
0
255
0

766
414
077
094
403
405
Coba Berry
Modest
255
0
0
0
255
0

767
415
016
230
450
466
SilverPowder
Serious
0
170
0
170
170
0

768
416
207
314
318
466
Scope Lens
Modest
0
0
255
0
0
255

769
416
092
194
404
456
Persim Berry
Careful
170
0
170
0
0
170

770
416
228
332
369
404
Muscle Band
Adamant
255
255
0
0
0
0

771
416
109
454
455
456
Shell Bell
Adamant
255
255
0
0
0
0

772
417
044
098
186
209
Magnet
Jolly
0
255
0
255
0
0

773
418
045
098
228
453
Wave Incense
Jolly
0
255
0
255
0
0

774
419
008
098
127
240
Sitrus Berry
Jolly
0
255
0
255
0
0

775
419
104
127
213
264
Chesto Berry
Jolly
0
255
0
255
0
0

776
419
057
058
240
411
Wave Incense
Modest
0
0
0
255
255
0

777
419
242
280
401
423
Razor Fang
Adamant
0
255
0
255
0
0

778
420
073
092
270
345
Rose Incense
Modest
0
0
0
0
255
255

779
421
073
235
320
345
Persim Berry
Bold
0
0
0
255
0
255

780
421
073
076
235
241
Power Herb
Modest
255
0
0
0
255
0

781
422
106
189
196
352
Lax Incense
Bold
255
0
0
0
255
0

782
423
089
105
127
243
Focus Sash
Careful
255
0
0
0
0
255

783
423
105
281
330
426
Zoom Lens
Sassy
0
0
0
0
255
255

784
423
089
090
127
444
Shell Bell
Adamant
255
255
0
0
0
0

785
423
057
058
188
414
Wise Glasses
Modest
255
0
0
0
255
0

786
424
280
282
421
458
Muscle Band
Jolly
0
255
0
255
0
0

787
424
086
182
252
387
Metronome
Jolly
0
255
0
255
0
0

788
424
332
402
441
458
Life Orb
Adamant
0
255
0
255
0
0

789
424
007
008
009
458
Life Orb
Adamant
0
255
0
255
0
0

790
425
196
261
314
466
Petaya Berry
Modest
255
0
0
0
255
0

791
426
203
226
314
466
Salac Berry
Modest
255
0
0
0
255
0

792
426
261
263
271
371
Black Sludge
Adamant
255
255
0
0
0
0

793
426
085
094
194
196
Wise Glasses
Modest
255
0
0
0
255
0

794
426
153
247
314
318
Lax Incense
Quirky
255
255
0
0
0
0

795
427
098
146
193
409
Black Belt
Adamant
0
255
0
255
0
0

796
428
204
216
243
409
Focus Band
Jolly
0
255
0
255
0
0

797
428
086
186
213
264
BrightPowder
Jolly
255
0
0
255
0
0

798
428
058
247
411
451
Wise Glasses
Modest
0
0
0
255
255
0

799
428
007
008
009
146
Muscle Band
Jolly
0
255
0
255
0
0

800
429
247
262
345
408
Kasib Berry
Modest
0
0
0
255
255
0

801
429
109
195
212
247
Lum Berry
Modest
0
0
0
0
255
255

802
429
194
196
247
412
Wise Glasses
Timid
0
0
0
255
255
0

803
429
085
094
194
247
Focus Sash
Timid
0
0
0
255
255
0

804
430
259
269
332
400
Wacan Berry
Adamant
255
255
0
0
0
0

805
430
086
109
276
365
White Herb
Adamant
255
255
0
0
0
0

806
430
094
247
314
399
Life Orb
Modest
255
0
0
0
255
0

807
430
065
211
389
400
Scope Lens
Adamant
255
255
0
0
0
0

808
431
154
185
213
252
Razor Claw
Jolly
0
255
0
255
0
0

809
432
045
163
185
213
Silk Scarf
Adamant
0
255
0
255
0
0

810
432
034
213
252
421
Liechi Berry
Adamant
0
255
0
255
0
0

811
433
045
050
093
129
TwistedSpoon
Modest
0
0
0
0
255
255

812
434
092
108
163
228
BlackGlasses
Adamant
0
255
0
255
0
0

813
435
103
163
389
398
Razor Claw
Adamant
255
255
0
0
0
0

814
435
092
104
207
242
Chesto Berry
Jolly
255
0
0
255
0
0

815
435
053
188
247
399
Shuca Berry
Timid
0
0
0
255
255
0

816
435
153
242
398
400
Muscle Band
Jolly
0
255
0
255
0
0

817
436
093
246
286
360
Odd Incense
Brave
0
255
0
0
255
0

818
437
157
326
433
442
King's Rock
Impish
0
0
255
0
0
255

819
437
095
138
324
433
Lum Berry
Calm
0
0
255
0
0
255

820
437
094
247
324
451
Leftovers
Modest
255
0
0
0
255
0

821
437
089
153
428
442
Quick Claw
Adamant
255
255
0
0
0
0

822
438
067
157
201
383
Rock Incense
Adamant
0
255
255
0
0
0

823
439
093
112
113
383
Lax Incense
Bold
0
0
0
0
255
255

824
440
186
204
217
383
Sitrus Berry
Adamant
255
0
255
0
0
0

825
441
047
119
129
448
Persim Berry
Calm
0
0
0
255
0
255

826
443
082
201
232
328
Soft Sand
Adamant
255
255
0
0
0
0

827
444
028
082
163
328
Yache Berry
Adamant
0
255
0
255
0
0

828
444
089
163
201
337
Muscle Band
Adamant
0
255
0
255
0
0

829
445
089
104
201
337
BrightPowder
Jolly
0
255
0
255
0
0

830
445
053
057
414
434
White Herb
Modest
0
0
0
255
255
0

831
445
332
401
407
444
Focus Sash
Adamant
0
255
0
255
0
0

832
445
089
200
242
424
Persim Berry
Adamant
0
255
0
255
0
0

833
446
118
254
256
278
Sitrus Berry
Relaxed
0
0
255
0
0
255

834
447
068
193
280
418
Expert Belt
Adamant
0
255
0
255
0
0

835
448
046
352
396
430
BrightPowder
Modest
0
0
0
255
255
0

836
448
008
009
238
444
Scope Lens
Adamant
0
255
0
255
0
0

837
448
089
299
370
421
Muscle Band
Adamant
0
255
0
255
0
0

838
448
094
247
396
406
Expert Belt
Modest
0
0
0
255
255
0

839
449
091
281
317
328
Chesto Berry
Adamant
255
255
0
0
0
0

840
450
089
174
242
303
Persim Berry
Impish
0
255
255
0
0
0

841
450
089
207
281
328
Sitrus Berry
Impish
0
255
255
0
0
0

842
450
090
276
423
424
White Herb
Adamant
255
255
0
0
0
0

843
450
089
242
422
444
Quick Claw
Adamant
255
255
0
0
0
0

844
451
044
305
390
450
Poison Barb
Impish
0
255
255
0
0
0

845
452
242
367
398
401
Lum Berry
Adamant
0
255
255
0
0
0

846
452
282
371
374
398
Iron Ball
Adamant
0
255
255
0
0
0

847
452
422
423
424
440
Scope Lens
Jolly
0
255
0
255
0
0

848
452
089
332
400
440
Razor Claw
Adamant
0
255
0
255
0
0

849
453
207
269
358
398
Black Sludge
Adamant
255
255
0
0
0
0

850
454
280
282
398
404
Black Sludge
Adamant
0
255
0
255
0
0

851
454
008
009
223
398
Wide Lens
Adamant
0
255
0
255
0
0

852
454
188
247
399
411
Wise Glasses
Modest
0
0
0
255
255
0

853
454
089
238
441
444
Razor Claw
Adamant
0
255
0
255
0
0

854
455
044
075
230
275
Miracle Seed
Adamant
255
255
0
0
0
0

855
455
242
275
378
402
Occa Berry
Adamant
255
255
0
0
0
0

856
456
213
318
352
392
Wave Incense
Modest
0
0
0
0
255
255

857
457
055
213
369
445
Wacan Berry
Bashful
0
255
0
0
255
0

858
457
057
213
318
392
Shell Bell
Modest
0
0
0
255
255
0

859
458
061
097
196
332
Mystic Water
Docile
0
0
0
0
255
255

860
459
008
075
275
320
NeverMeltIce
Adamant
255
255
0
0
0
0

861
460
058
202
320
352
Lum Berry
Calm
255
0
0
0
255
0

862
460
073
202
275
329
Big Root
Bold
170
0
170
0
0
170

863
460
059
247
411
412
Occa Berry
Quiet
255
0
0
0
255
0

864
460
089
157
419
452
Shell Bell
Brave
255
255
0
0
0
0

865
461
008
103
252
400
Chople Berry
Adamant
0
255
0
255
0
0

866
461
104
213
258
400
BrightPowder
Jolly
0
255
0
255
0
0

867
461
068
232
400
404
Focus Sash
Adamant
0
255
0
255
0
0

868
461
008
280
332
400
Razor Claw
Jolly
0
255
0
255
0
0

869
462
085
113
115
429
Light Clay
Bold
0
0
255
0
255
0

870
462
153
207
244
442
Lum Berry
Impish
0
255
255
0
0
0

871
462
086
393
430
451
Chesto Berry
Modest
0
0
255
0
255
0

872
462
085
161
324
430
BrightPowder
Modest
0
0
255
0
255
0

873
463
089
156
187
216
Chesto Berry
Careful
255
255
0
0
0
0

874
463
057
058
085
247
Expert Belt
Modest
255
0
0
0
255
0

875
463
156
174
216
360
Lum Berry
Brave
255
255
0
0
0
0

876
463
034
089
153
438
Lax Incense
Adamant
255
255
0
0
0
0

877
464
046
089
242
439
Focus Band
Adamant
0
255
255
0
0
0

878
464
007
008
009
401
Expert Belt
Adamant
0
255
255
0
0
0

879
464
032
068
371
419
Focus Sash
Impish
255
0
255
0
0
0

880
464
089
224
359
439
Choice Band
Adamant
255
255
0
0
0
0

881
465
079
188
411
412
Coba Berry
Modest
0
0
255
0
255
0

882
465
073
092
104
202
Big Root
Bold
170
0
170
0
170
0

883
465
076
235
241
378
Heat Rock
Modest
0
0
255
0
255
0

884
465
089
280
332
438
Lax Incense
Adamant
0
255
255
0
0
0

885
466
009
086
103
238
Scope Lens
Jolly
0
255
0
255
0
0

886
466
087
157
223
231
Wide Lens
Hardy
0
255
0
0
255
0

887
466
085
094
324
411
Wise Glasses
Modest
0
0
0
255
255
0

888
466
007
008
009
089
Shuca Berry
Adamant
0
255
0
255
0
0

889
467
126
241
261
411
Heat Rock
Modest
0
0
0
255
255
0

890
467
007
108
109
264
Shuca Berry
Adamant
0
255
0
255
0
0

891
467
009
089
280
394
Passho Berry
Adamant
0
255
0
255
0
0

892
467
094
109
315
411
White Herb
Modest
0
0
0
255
255
0

893
468
143
245
355
409
Power Herb
Adamant
0
255
0
0
0
255

894
468
246
318
403
466
Scope Lens
Modest
255
0
0
0
255
0

895
468
257
324
345
403
Wise Glasses
Modest
0
0
0
255
255
0

896
468
063
094
396
403
Expert Belt
Modest
0
0
0
255
255
0

897
469
104
197
314
324
Coba Berry
Timid
0
0
0
255
255
0

898
469
211
332
369
400
Muscle Band
Adamant
0
255
0
255
0
0

899
469
202
246
318
466
Lum Berry
Modest
0
0
0
255
255
0

900
469
094
247
403
405
Wise Glasses
Modest
0
0
0
255
255
0

901
470
104
226
332
348
Scope Lens
Jolly
0
255
0
255
0
0

902
470
174
320
348
387
BrightPowder
Jolly
0
255
0
255
0
0

903
470
235
241
348
404
Heat Rock
Adamant
0
255
255
0
0
0

904
470
044
332
348
404
Quick Claw
Adamant
0
255
255
0
0
0

905
471
058
104
226
352
Lax Incense
Calm
0
0
0
0
255
255

906
471
058
104
258
281
Leftovers
Calm
0
0
0
0
255
255

907
471
059
063
243
258
Focus Sash
Modest
0
0
255
0
255
0

908
471
058
247
324
352
Wise Glasses
Modest
0
0
255
0
255
0

909
472
014
089
226
332
Yache Berry
Adamant
0
255
255
0
0
0

910
472
089
422
423
424
Razor Fang
Jolly
0
255
0
255
0
0

911
472
012
068
089
369
Focus Sash
Jolly
255
0
0
255
0
0

912
472
089
332
404
444
Expert Belt
Adamant
0
255
255
0
0
0

913
473
064
089
258
423
Icy Rock
Adamant
255
255
0
0
0
0

914
473
089
174
419
442
Sitrus Berry
Adamant
255
255
0
0
0
0

915
473
089
090
258
276
Lax Incense
Adamant
255
255
0
0
0
0

916
473
038
089
423
444
Life Orb
Adamant
255
255
0
0
0
0

917
474
161
176
247
278
Sitrus Berry
Modest
255
0
0
0
255
0

918
474
086
105
161
271
Choice Scarf
Timid
0
0
0
255
255
0

919
474
058
094
324
451
Wise Glasses
Modest
255
0
0
0
255
0

920
474
085
105
161
247
Expert Belt
Modest
0
0
0
255
255
0

921
475
086
109
280
428
Kasib Berry
Careful
0
255
0
0
0
255

922
475
007
008
009
409
BrightPowder
Jolly
0
255
0
255
0
0

923
475
332
404
427
444
Scope Lens
Adamant
0
255
0
0
0
255

924
475
348
370
400
427
Scope Lens
Adamant
0
255
0
0
0
255

925
476
086
182
246
443
Cheri Berry
Brave
0
255
0
0
255
0

926
476
007
008
009
442
Chople Berry
Adamant
0
255
0
0
0
255

927
476
089
153
442
444
Scope Lens
Adamant
0
255
255
0
0
0

928
476
085
408
414
430
Life Orb
Modest
0
0
0
0
255
255

929
477
261
325
374
433
Iron Ball
Brave
0
255
255
0
0
0

930
477
109
174
213
220
Leftovers
Careful
0
0
255
0
0
255

931
477
007
008
009
325
Scope Lens
Adamant
0
255
0
0
0
255

932
477
089
157
280
325
Muscle Band
Adamant
0
0
255
0
0
255

933
478
058
109
213
466
Cheri Berry
Timid
0
0
0
255
255
0

934
478
008
207
244
389
Focus Band
Adamant
0
255
0
255
0
0

935
478
058
085
194
324
Expert Belt
Modest
0
0
0
255
255
0

936
478
059
094
247
258
Lax Incense
Modest
0
0
0
255
255
0

937
479
084
086
109
310
Cheri Berry
Modest
0
0
0
255
255
0

938
479
086
104
435
466
Magnet
Modest
0
0
0
255
255
0

939
485
184
246
257
430
Shuca Berry
Modest
0
0
0
0
255
255

940
485
089
242
442
444
Quick Claw
Adamant
255
255
0
0
0
0

941
485
053
399
406
414
BrightPowder
Modest
255
0
0
0
255
0

942
485
153
414
430
463
Focus Sash
Quiet
0
255
0
0
255
0

943
486
086
109
216
332
Lax Incense
Impish
170
0
170
0
0
170

944
486
104
164
263
428
Leftovers
Careful
170
0
170
0
0
170

945
486
085
246
411
414
Wise Glasses
Modest
255
0
0
0
255
0

946
486
089
409
444
462
BrightPowder
Adamant
255
255
0
0
0
0

947
488
076
094
236
241
Heat Rock
Bold
0
0
255
0
0
255

948
488
092
094
104
236
Lum Berry
Bold
170
0
170
0
0
170

949
488
094
247
412
451
Wise Glasses
Modest
255
0
0
255
0
0

950
488
058
094
236
324
Leftovers
Modest
170
0
170
0
0
170

